Sref = 1.117 
Cref = 0.36199999999999999 
Bref = 4 
X_cg = 0.12046215056938001 
Y_cg = 0 
Z_cg = 0.0024826533108393079 
Mach = 0 
AoA = -20, -18.974358974358974, -17.948717948717949, -16.923076923076923, -15.897435897435898, -14.871794871794872, -13.846153846153847, -12.820512820512821, -11.794871794871796, -10.76923076923077, -9.7435897435897445, -8.717948717948719, -7.6923076923076934, -6.6666666666666679, -5.6410256410256423, -4.6153846153846168, -3.5897435897435912, -2.5641025641025657, -1.5384615384615401, -0.51282051282051455, 0.512820512820511, 1.5384615384615365, 2.5641025641025621, 3.5897435897435876, 4.6153846153846132, 5.6410256410256387, 6.6666666666666643, 7.6923076923076898, 8.7179487179487154, 9.7435897435897409, 10.769230769230766, 11.794871794871792, 12.820512820512818, 13.84615384615384, 14.871794871794869, 15.897435897435898, 16.92307692307692, 17.948717948717942, 18.974358974358971, 20 
Beta = 0 
ReCref = 10000000 
Vinf = 100 
Rho = 0.0023770000000000002 
StallModel = 0 
Clo2D = 0 
CLMax2D = 1 
Symmetry = 0 
FreezeMultiPoleAtIteration = 10000 
FreezeWakeAtIteration = 10000 
FreezeWakeRootVortices = 0 
ImplicitWake = 0 
ImplicitWakeStartIteration = 0 
FarDist = -1 
NumWakeNodes = 8 
WakeIters = 3 
WakeRelax = 1 
ForwardGMRESConvergenceFactor = 1 
AdjointGMRESConvergenceFactor = 1 
NonLinearConvergenceFactor = 1 
CoreSizeFactor = 1 
FarAway = 5 
UpdateMatrixPreconditioner = 0 
UseWakeNodeMatrixPreconditioner = 0 
Write2DFEMFile = 0 
WriteTecplotFile = 0 
NumberOfControlGroups = 0 
NumberofSurveyPoints = 0 
QuadTreeBufferLevels = 0 
NumberOfQuadTrees = 1 
1 2 0 
NumberOfInlets = 0 
NumberOfNozzles = 0 
VSP_StabilityType = 0 
